4 1 1 134 157 227 613 178 462 2 2 5 216 607 146 138 207 219 3 1 6 181 115 193 600 132 532 1 2 7 136 496 144 100 216 213 3 
2 1 1 173 151 98 612 156 472 2 2 3 129 613 171 142 125 384 1 
3 1 1 132 150 236 611 235 491 2 2 3 249 606 140 146 105 208 2 1 3 86 132 226 624 52 656 2 
2 1 2 168 154 98 603 145 491 2 2 3 115 610 169 146 227 191 3 
8 1 1 132 146 231 610 179 471 2 2 5 217 601 137 145 211 197 3 1 6 186 118 188 575 160 504 1 2 5 174 548 170 109 92 181 2 1 9 94 101 159 525 189 600 1 2 8 151 490 81 108 198 289 2 1 9 209 109 170 478 123 592 1 2 8 127 531 221 75 61 222 2 
2 1 1 174 148 91 618 79 488 2 2 6 81 622 183 149 261 170 1 
5 1 1 131 148 231 615 174 471 3 2 5 219 620 139 131 150 212 2 1 3 158 119 174 630 213 597 2 2 3 198 643 152 111 88 182 2 1 3 81 104 184 647 236 671 2 
5 1 2 171 149 95 600 87 485 2 2 5 86 601 180 148 171 211 2 1 5 179 132 108 619 235 547 2 2 3 229 642 155 119 99 218 2 1 3 86 123 229 652 94 386 1 
6 2 1 185 624 80 116 80 276 2 1 3 52 131 176 619 95 543 2 2 5 127 633 75 133 171 254 2 1 5 174 125 119 639 117 531 2 2 5 109 643 178 112 219 243 2 1 5 235 118 127 628 230 384 1 
1 2 1 146 623 215 117 238 281 3 
1 2 1 180 618 92 116 152 268 3 
6 2 1 149 622 217 111 167 277 3 1 3 193 122 150 617 151 533 2 2 3 126 632 164 117 226 277 2 1 6 233 128 133 626 202 573 1 2 3 174 624 197 139 85 220 2 1 3 66 92 175 645 142 384 1 
2 1 1 133 151 229 628 178 514 2 2 5 213 610 139 151 151 146 2 
3 1 1 172 151 89 638 94 471 3 2 5 80 628 173 149 225 201 2 1 5 233 130 87 624 225 541 2 
5 1 1 132 147 229 619 225 480 2 2 3 245 621 136 149 100 159 3 1 3 111 138 247 623 111 597 2 2 5 140 647 139 139 164 277 1 1 3 203 194 128 694 203 602 3 
2 1 1 172 149 92 622 142 512 3 2 3 111 627 171 146 245 142 3 
5 2 2 183 620 86 106 149 295 2 1 5 105 109 169 621 180 550 2 2 3 166 634 148 108 210 221 1 1 5 197 145 143 638 112 522 2 2 6 100 649 184 156 206 135 1 
3 2 1 146 619 221 104 159 283 3 1 3 186 88 149 605 176 527 2 2 3 156 609 149 87 218 187 3 
2 2 2 180 619 81 101 136 277 2 1 5 93 114 175 615 150 650 2 
3 2 2 149 618 228 117 225 275 2 1 5 244 124 145 621 106 565 2 2 5 111 636 213 137 64 124 3 
2 2 1 185 614 81 89 85 287 3 1 3 54 104 178 602 144 664 1 
6 2 2 151 620 225 123 234 285 2 1 5 256 131 145 619 210 608 2 2 3 188 658 241 141 158 274 2 1 3 162 160 182 681 107 567 2 2 5 121 669 169 142 215 195 2 1 5 219 109 132 641 204 384 1 
2 1 1 132 150 231 621 233 463 2 2 3 259 605 136 149 174 386 1 
3 1 1 170 139 92 622 93 495 3 2 5 87 622 171 148 178 276 2 1 5 203 150 105 627 227 603 2 
12 1 1 131 140 231 619 175 485 2 2 5 213 621 139 149 152 268 2 1 3 162 154 174 640 216 589 2 2 3 207 657 153 158 131 198 2 1 3 128 122 184 634 227 576 2 2 3 225 644 145 109 233 243 3 1 5 207 99 216 641 108 534 1 2 5 104 618 197 87 229 271 2 1 5 270 136 130 636 210 554 2 2 3 169 652 241 128 87 187 2 1 4 86 66 173 633 83 389 1 2 8 71 414 90 54 156 296 3 
3 1 1 171 153 91 628 146 496 2 2 3 123 623 172 149 111 266 2 1 3 120 136 167 638 100 624 2 